3,2
3,1
3,3
10,153
10,67
10,221
10,87
10,5
10,299
10,69
10,1
10,191
10,2
10,3
11,20
11,21
11,15
11,7
11,16
11,8
11,1
11,18
11,2
11,3
9,7
9,1
9,5
9,2
9,3
8,13
8,14
8,7
8,10
8,1
8,15
8,2
8,3
12,2
12,1
12,3
20,2
20,1
20,3
19,2
19,1
19,3
35,8
35,7
35,6
35,5
35,4
35,3
35,2
35,1
35,0
34,5
34,4
34,3
34,2
34,1
33,100
33,99
33,98
33,97
33,96
33,95
33,94
33,93
33,92
33,91
33,90
33,89
33,88
33,87
33,86
33,85
33,84
33,83
33,82
18,1
33,81
18,3
33,80
33,79
33,78
33,77
33,76
14,3
33,75
33,74
13,1
33,73
13,3
33,72
33,71
33,70
33,69
33,68
33,67
33,66
33,65
33,64
